-*- mode: compilation; default-directory: "~/Develop/conwaysgame/simulator/pattern/" -*-
Compilation started at Wed Jan 10 21:30:24

python generator.py 
24
[0, 0, 0, 0, 0, 0, 0, 0, 0]
[0, 0, 0, 0, 0, 0, 0, 0, 1]
[0, 0, 0, 0, 0, 0, 0, 1, 0]
[0, 0, 0, 0, 0, 0, 0, 1, 1]
[0, 0, 0, 0, 0, 0, 1, 0, 0]
[0, 0, 0, 0, 0, 0, 1, 0, 1]
[0, 0, 0, 0, 0, 0, 1, 1, 0]
[0, 0, 0, 0, 0, 0, 1, 1, 1]
[0, 0, 0, 0, 0, 1, 0, 0, 0]
[0, 0, 0, 0, 0, 1, 0, 0, 1]
[0, 0, 0, 0, 0, 1, 0, 1, 0]
[0, 0, 0, 0, 0, 1, 0, 1, 1]
[0, 0, 0, 0, 0, 1, 1, 0, 0]
[0, 0, 0, 0, 0, 1, 1, 0, 1]
[0, 0, 0, 0, 0, 1, 1, 1, 0]
[0, 0, 0, 0, 0, 1, 1, 1, 1]
[0, 0, 0, 0, 1, 0, 0, 0, 0]
[0, 0, 0, 0, 1, 0, 0, 0, 1]
[0, 0, 0, 0, 1, 0, 0, 1, 0]
[0, 0, 0, 0, 1, 0, 0, 1, 1]
[0, 0, 0, 0, 1, 0, 1, 0, 0]
[0, 0, 0, 0, 1, 0, 1, 0, 1]
[0, 0, 0, 0, 1, 0, 1, 1, 0]
[0, 0, 0, 0, 1, 0, 1, 1, 1]
[0, 0, 0, 0, 1, 1, 0, 0, 0]
[0, 0, 0, 0, 1, 1, 0, 0, 1]
[0, 0, 0, 0, 1, 1, 0, 1, 0]
[0, 0, 0, 0, 1, 1, 0, 1, 1]
[0, 0, 0, 0, 1, 1, 1, 0, 0]
[0, 0, 0, 0, 1, 1, 1, 0, 1]
[0, 0, 0, 0, 1, 1, 1, 1, 0]
[0, 0, 0, 0, 1, 1, 1, 1, 1]
[0, 0, 0, 1, 0, 0, 0, 0, 0]
[0, 0, 0, 1, 0, 0, 0, 0, 1]
[0, 0, 0, 1, 0, 0, 0, 1, 0]
[0, 0, 0, 1, 0, 0, 0, 1, 1]
[0, 0, 0, 1, 0, 0, 1, 0, 0]
[0, 0, 0, 1, 0, 0, 1, 0, 1]
[0, 0, 0, 1, 0, 0, 1, 1, 0]
[0, 0, 0, 1, 0, 0, 1, 1, 1]
[0, 0, 0, 1, 0, 1, 0, 0, 0]
[0, 0, 0, 1, 0, 1, 0, 0, 1]
[0, 0, 0, 1, 0, 1, 0, 1, 0]
[0, 0, 0, 1, 0, 1, 0, 1, 1]
[0, 0, 0, 1, 0, 1, 1, 0, 0]
[0, 0, 0, 1, 0, 1, 1, 0, 1]
[0, 0, 0, 1, 0, 1, 1, 1, 0]
[0, 0, 0, 1, 0, 1, 1, 1, 1]
[0, 0, 0, 1, 1, 0, 0, 0, 0]
[0, 0, 0, 1, 1, 0, 0, 0, 1]
[0, 0, 0, 1, 1, 0, 0, 1, 0]
[0, 0, 0, 1, 1, 0, 0, 1, 1]
[0, 0, 0, 1, 1, 0, 1, 0, 0]
[0, 0, 0, 1, 1, 0, 1, 0, 1]
[0, 0, 0, 1, 1, 0, 1, 1, 0]
[0, 0, 0, 1, 1, 0, 1, 1, 1]
[0, 0, 0, 1, 1, 1, 0, 0, 0]
[0, 0, 0, 1, 1, 1, 0, 0, 1]
[0, 0, 0, 1, 1, 1, 0, 1, 0]
[0, 0, 0, 1, 1, 1, 0, 1, 1]
[0, 0, 0, 1, 1, 1, 1, 0, 0]
[0, 0, 0, 1, 1, 1, 1, 0, 1]
[0, 0, 0, 1, 1, 1, 1, 1, 0]
[0, 0, 0, 1, 1, 1, 1, 1, 1]
[0, 0, 1, 0, 0, 0, 0, 0, 0]
[0, 0, 1, 0, 0, 0, 0, 0, 1]
[0, 0, 1, 0, 0, 0, 0, 1, 0]
[0, 0, 1, 0, 0, 0, 0, 1, 1]
[0, 0, 1, 0, 0, 0, 1, 0, 0]
[0, 0, 1, 0, 0, 0, 1, 0, 1]
[0, 0, 1, 0, 0, 0, 1, 1, 0]
[0, 0, 1, 0, 0, 0, 1, 1, 1]
[0, 0, 1, 0, 0, 1, 0, 0, 0]
[0, 0, 1, 0, 0, 1, 0, 0, 1]
[0, 0, 1, 0, 0, 1, 0, 1, 0]
[0, 0, 1, 0, 0, 1, 0, 1, 1]
[0, 0, 1, 0, 0, 1, 1, 0, 0]
[0, 0, 1, 0, 0, 1, 1, 0, 1]
[0, 0, 1, 0, 0, 1, 1, 1, 0]
[0, 0, 1, 0, 0, 1, 1, 1, 1]
[0, 0, 1, 0, 1, 0, 0, 0, 0]
[0, 0, 1, 0, 1, 0, 0, 0, 1]
[0, 0, 1, 0, 1, 0, 0, 1, 0]
[0, 0, 1, 0, 1, 0, 0, 1, 1]
[0, 0, 1, 0, 1, 0, 1, 0, 0]
[0, 0, 1, 0, 1, 0, 1, 0, 1]
[0, 0, 1, 0, 1, 0, 1, 1, 0]
[0, 0, 1, 0, 1, 0, 1, 1, 1]
[0, 0, 1, 0, 1, 1, 0, 0, 0]
[0, 0, 1, 0, 1, 1, 0, 0, 1]
[0, 0, 1, 0, 1, 1, 0, 1, 0]
[0, 0, 1, 0, 1, 1, 0, 1, 1]
[0, 0, 1, 0, 1, 1, 1, 0, 0]
[0, 0, 1, 0, 1, 1, 1, 0, 1]
[0, 0, 1, 0, 1, 1, 1, 1, 0]
[0, 0, 1, 0, 1, 1, 1, 1, 1]
[0, 0, 1, 1, 0, 0, 0, 0, 0]
[0, 0, 1, 1, 0, 0, 0, 0, 1]
[0, 0, 1, 1, 0, 0, 0, 1, 0]
[0, 0, 1, 1, 0, 0, 0, 1, 1]
[0, 0, 1, 1, 0, 0, 1, 0, 0]
[0, 0, 1, 1, 0, 0, 1, 0, 1]
[0, 0, 1, 1, 0, 0, 1, 1, 0]
[0, 0, 1, 1, 0, 0, 1, 1, 1]
[0, 0, 1, 1, 0, 1, 0, 0, 0]
[0, 0, 1, 1, 0, 1, 0, 0, 1]
[0, 0, 1, 1, 0, 1, 0, 1, 0]
[0, 0, 1, 1, 0, 1, 0, 1, 1]
[0, 0, 1, 1, 0, 1, 1, 0, 0]
[0, 0, 1, 1, 0, 1, 1, 0, 1]
[0, 0, 1, 1, 0, 1, 1, 1, 0]
[0, 0, 1, 1, 0, 1, 1, 1, 1]
[0, 0, 1, 1, 1, 0, 0, 0, 0]
[0, 0, 1, 1, 1, 0, 0, 0, 1]
[0, 0, 1, 1, 1, 0, 0, 1, 0]
[0, 0, 1, 1, 1, 0, 0, 1, 1]
[0, 0, 1, 1, 1, 0, 1, 0, 0]
[0, 0, 1, 1, 1, 0, 1, 0, 1]
[0, 0, 1, 1, 1, 0, 1, 1, 0]
[0, 0, 1, 1, 1, 0, 1, 1, 1]
[0, 0, 1, 1, 1, 1, 0, 0, 0]
[0, 0, 1, 1, 1, 1, 0, 0, 1]
[0, 0, 1, 1, 1, 1, 0, 1, 0]
[0, 0, 1, 1, 1, 1, 0, 1, 1]
[0, 0, 1, 1, 1, 1, 1, 0, 0]
[0, 0, 1, 1, 1, 1, 1, 0, 1]
[0, 0, 1, 1, 1, 1, 1, 1, 0]
[0, 0, 1, 1, 1, 1, 1, 1, 1]
[0, 1, 0, 0, 0, 0, 0, 0, 0]
[0, 1, 0, 0, 0, 0, 0, 0, 1]
[0, 1, 0, 0, 0, 0, 0, 1, 0]
[0, 1, 0, 0, 0, 0, 0, 1, 1]
[0, 1, 0, 0, 0, 0, 1, 0, 0]
[0, 1, 0, 0, 0, 0, 1, 0, 1]
[0, 1, 0, 0, 0, 0, 1, 1, 0]
[0, 1, 0, 0, 0, 0, 1, 1, 1]
[0, 1, 0, 0, 0, 1, 0, 0, 0]
[0, 1, 0, 0, 0, 1, 0, 0, 1]
[0, 1, 0, 0, 0, 1, 0, 1, 0]
[0, 1, 0, 0, 0, 1, 0, 1, 1]
[0, 1, 0, 0, 0, 1, 1, 0, 0]
[0, 1, 0, 0, 0, 1, 1, 0, 1]
[0, 1, 0, 0, 0, 1, 1, 1, 0]
[0, 1, 0, 0, 0, 1, 1, 1, 1]
[0, 1, 0, 0, 1, 0, 0, 0, 0]
[0, 1, 0, 0, 1, 0, 0, 0, 1]
[0, 1, 0, 0, 1, 0, 0, 1, 0]
[0, 1, 0, 0, 1, 0, 0, 1, 1]
[0, 1, 0, 0, 1, 0, 1, 0, 0]
[0, 1, 0, 0, 1, 0, 1, 0, 1]
[0, 1, 0, 0, 1, 0, 1, 1, 0]
[0, 1, 0, 0, 1, 0, 1, 1, 1]
[0, 1, 0, 0, 1, 1, 0, 0, 0]
[0, 1, 0, 0, 1, 1, 0, 0, 1]
[0, 1, 0, 0, 1, 1, 0, 1, 0]
[0, 1, 0, 0, 1, 1, 0, 1, 1]
[0, 1, 0, 0, 1, 1, 1, 0, 0]
[0, 1, 0, 0, 1, 1, 1, 0, 1]
[0, 1, 0, 0, 1, 1, 1, 1, 0]
[0, 1, 0, 0, 1, 1, 1, 1, 1]
[0, 1, 0, 1, 0, 0, 0, 0, 0]
[0, 1, 0, 1, 0, 0, 0, 0, 1]
[0, 1, 0, 1, 0, 0, 0, 1, 0]
[0, 1, 0, 1, 0, 0, 0, 1, 1]
[0, 1, 0, 1, 0, 0, 1, 0, 0]
[0, 1, 0, 1, 0, 0, 1, 0, 1]
[0, 1, 0, 1, 0, 0, 1, 1, 0]
[0, 1, 0, 1, 0, 0, 1, 1, 1]
[0, 1, 0, 1, 0, 1, 0, 0, 0]
[0, 1, 0, 1, 0, 1, 0, 0, 1]
[0, 1, 0, 1, 0, 1, 0, 1, 0]
[0, 1, 0, 1, 0, 1, 0, 1, 1]
[0, 1, 0, 1, 0, 1, 1, 0, 0]
[0, 1, 0, 1, 0, 1, 1, 0, 1]
[0, 1, 0, 1, 0, 1, 1, 1, 0]
[0, 1, 0, 1, 0, 1, 1, 1, 1]
[0, 1, 0, 1, 1, 0, 0, 0, 0]
[0, 1, 0, 1, 1, 0, 0, 0, 1]
[0, 1, 0, 1, 1, 0, 0, 1, 0]
[0, 1, 0, 1, 1, 0, 0, 1, 1]
[0, 1, 0, 1, 1, 0, 1, 0, 0]
[0, 1, 0, 1, 1, 0, 1, 0, 1]
[0, 1, 0, 1, 1, 0, 1, 1, 0]
[0, 1, 0, 1, 1, 0, 1, 1, 1]
[0, 1, 0, 1, 1, 1, 0, 0, 0]
[0, 1, 0, 1, 1, 1, 0, 0, 1]
[0, 1, 0, 1, 1, 1, 0, 1, 0]
[0, 1, 0, 1, 1, 1, 0, 1, 1]
[0, 1, 0, 1, 1, 1, 1, 0, 0]
[0, 1, 0, 1, 1, 1, 1, 0, 1]
[0, 1, 0, 1, 1, 1, 1, 1, 0]
[0, 1, 0, 1, 1, 1, 1, 1, 1]
[0, 1, 1, 0, 0, 0, 0, 0, 0]
[0, 1, 1, 0, 0, 0, 0, 0, 1]
[0, 1, 1, 0, 0, 0, 0, 1, 0]
[0, 1, 1, 0, 0, 0, 0, 1, 1]
[0, 1, 1, 0, 0, 0, 1, 0, 0]
[0, 1, 1, 0, 0, 0, 1, 0, 1]
[0, 1, 1, 0, 0, 0, 1, 1, 0]
[0, 1, 1, 0, 0, 0, 1, 1, 1]
[0, 1, 1, 0, 0, 1, 0, 0, 0]
[0, 1, 1, 0, 0, 1, 0, 0, 1]
[0, 1, 1, 0, 0, 1, 0, 1, 0]
[0, 1, 1, 0, 0, 1, 0, 1, 1]
[0, 1, 1, 0, 0, 1, 1, 0, 0]
[0, 1, 1, 0, 0, 1, 1, 0, 1]
[0, 1, 1, 0, 0, 1, 1, 1, 0]
[0, 1, 1, 0, 0, 1, 1, 1, 1]
[0, 1, 1, 0, 1, 0, 0, 0, 0]
[0, 1, 1, 0, 1, 0, 0, 0, 1]
[0, 1, 1, 0, 1, 0, 0, 1, 0]
[0, 1, 1, 0, 1, 0, 0, 1, 1]
[0, 1, 1, 0, 1, 0, 1, 0, 0]
[0, 1, 1, 0, 1, 0, 1, 0, 1]
[0, 1, 1, 0, 1, 0, 1, 1, 0]
[0, 1, 1, 0, 1, 0, 1, 1, 1]
[0, 1, 1, 0, 1, 1, 0, 0, 0]
[0, 1, 1, 0, 1, 1, 0, 0, 1]
[0, 1, 1, 0, 1, 1, 0, 1, 0]
[0, 1, 1, 0, 1, 1, 0, 1, 1]
[0, 1, 1, 0, 1, 1, 1, 0, 0]
[0, 1, 1, 0, 1, 1, 1, 0, 1]
[0, 1, 1, 0, 1, 1, 1, 1, 0]
[0, 1, 1, 0, 1, 1, 1, 1, 1]
[0, 1, 1, 1, 0, 0, 0, 0, 0]
[0, 1, 1, 1, 0, 0, 0, 0, 1]
[0, 1, 1, 1, 0, 0, 0, 1, 0]
[0, 1, 1, 1, 0, 0, 0, 1, 1]
[0, 1, 1, 1, 0, 0, 1, 0, 0]
[0, 1, 1, 1, 0, 0, 1, 0, 1]
[0, 1, 1, 1, 0, 0, 1, 1, 0]
[0, 1, 1, 1, 0, 0, 1, 1, 1]
[0, 1, 1, 1, 0, 1, 0, 0, 0]
[0, 1, 1, 1, 0, 1, 0, 0, 1]
[0, 1, 1, 1, 0, 1, 0, 1, 0]
[0, 1, 1, 1, 0, 1, 0, 1, 1]
[0, 1, 1, 1, 0, 1, 1, 0, 0]
[0, 1, 1, 1, 0, 1, 1, 0, 1]
[0, 1, 1, 1, 0, 1, 1, 1, 0]
[0, 1, 1, 1, 0, 1, 1, 1, 1]
[0, 1, 1, 1, 1, 0, 0, 0, 0]
[0, 1, 1, 1, 1, 0, 0, 0, 1]
[0, 1, 1, 1, 1, 0, 0, 1, 0]
[0, 1, 1, 1, 1, 0, 0, 1, 1]
[0, 1, 1, 1, 1, 0, 1, 0, 0]
[0, 1, 1, 1, 1, 0, 1, 0, 1]
[0, 1, 1, 1, 1, 0, 1, 1, 0]
[0, 1, 1, 1, 1, 0, 1, 1, 1]
[0, 1, 1, 1, 1, 1, 0, 0, 0]
[0, 1, 1, 1, 1, 1, 0, 0, 1]
[0, 1, 1, 1, 1, 1, 0, 1, 0]
[0, 1, 1, 1, 1, 1, 0, 1, 1]
[0, 1, 1, 1, 1, 1, 1, 0, 0]
[0, 1, 1, 1, 1, 1, 1, 0, 1]
[0, 1, 1, 1, 1, 1, 1, 1, 0]
[0, 1, 1, 1, 1, 1, 1, 1, 1]
[1, 0, 0, 0, 0, 0, 0, 0, 0]
[1, 0, 0, 0, 0, 0, 0, 0, 1]
[1, 0, 0, 0, 0, 0, 0, 1, 0]
[1, 0, 0, 0, 0, 0, 0, 1, 1]
[1, 0, 0, 0, 0, 0, 1, 0, 0]
[1, 0, 0, 0, 0, 0, 1, 0, 1]
[1, 0, 0, 0, 0, 0, 1, 1, 0]
[1, 0, 0, 0, 0, 0, 1, 1, 1]
[1, 0, 0, 0, 0, 1, 0, 0, 0]
[1, 0, 0, 0, 0, 1, 0, 0, 1]
[1, 0, 0, 0, 0, 1, 0, 1, 0]
[1, 0, 0, 0, 0, 1, 0, 1, 1]
[1, 0, 0, 0, 0, 1, 1, 0, 0]
[1, 0, 0, 0, 0, 1, 1, 0, 1]
[1, 0, 0, 0, 0, 1, 1, 1, 0]
[1, 0, 0, 0, 0, 1, 1, 1, 1]
[1, 0, 0, 0, 1, 0, 0, 0, 0]
[1, 0, 0, 0, 1, 0, 0, 0, 1]
[1, 0, 0, 0, 1, 0, 0, 1, 0]
[1, 0, 0, 0, 1, 0, 0, 1, 1]
[1, 0, 0, 0, 1, 0, 1, 0, 0]
[1, 0, 0, 0, 1, 0, 1, 0, 1]
[1, 0, 0, 0, 1, 0, 1, 1, 0]
[1, 0, 0, 0, 1, 0, 1, 1, 1]
[1, 0, 0, 0, 1, 1, 0, 0, 0]
[1, 0, 0, 0, 1, 1, 0, 0, 1]
[1, 0, 0, 0, 1, 1, 0, 1, 0]
[1, 0, 0, 0, 1, 1, 0, 1, 1]
[1, 0, 0, 0, 1, 1, 1, 0, 0]
[1, 0, 0, 0, 1, 1, 1, 0, 1]
[1, 0, 0, 0, 1, 1, 1, 1, 0]
[1, 0, 0, 0, 1, 1, 1, 1, 1]
[1, 0, 0, 1, 0, 0, 0, 0, 0]
[1, 0, 0, 1, 0, 0, 0, 0, 1]
[1, 0, 0, 1, 0, 0, 0, 1, 0]
[1, 0, 0, 1, 0, 0, 0, 1, 1]
[1, 0, 0, 1, 0, 0, 1, 0, 0]
[1, 0, 0, 1, 0, 0, 1, 0, 1]
[1, 0, 0, 1, 0, 0, 1, 1, 0]
[1, 0, 0, 1, 0, 0, 1, 1, 1]
[1, 0, 0, 1, 0, 1, 0, 0, 0]
[1, 0, 0, 1, 0, 1, 0, 0, 1]
[1, 0, 0, 1, 0, 1, 0, 1, 0]
[1, 0, 0, 1, 0, 1, 0, 1, 1]
[1, 0, 0, 1, 0, 1, 1, 0, 0]
[1, 0, 0, 1, 0, 1, 1, 0, 1]
[1, 0, 0, 1, 0, 1, 1, 1, 0]
[1, 0, 0, 1, 0, 1, 1, 1, 1]
[1, 0, 0, 1, 1, 0, 0, 0, 0]
[1, 0, 0, 1, 1, 0, 0, 0, 1]
[1, 0, 0, 1, 1, 0, 0, 1, 0]
[1, 0, 0, 1, 1, 0, 0, 1, 1]
[1, 0, 0, 1, 1, 0, 1, 0, 0]
[1, 0, 0, 1, 1, 0, 1, 0, 1]
[1, 0, 0, 1, 1, 0, 1, 1, 0]
[1, 0, 0, 1, 1, 0, 1, 1, 1]
[1, 0, 0, 1, 1, 1, 0, 0, 0]
[1, 0, 0, 1, 1, 1, 0, 0, 1]
[1, 0, 0, 1, 1, 1, 0, 1, 0]
[1, 0, 0, 1, 1, 1, 0, 1, 1]
[1, 0, 0, 1, 1, 1, 1, 0, 0]
[1, 0, 0, 1, 1, 1, 1, 0, 1]
[1, 0, 0, 1, 1, 1, 1, 1, 0]
[1, 0, 0, 1, 1, 1, 1, 1, 1]
[1, 0, 1, 0, 0, 0, 0, 0, 0]
[1, 0, 1, 0, 0, 0, 0, 0, 1]
[1, 0, 1, 0, 0, 0, 0, 1, 0]
[1, 0, 1, 0, 0, 0, 0, 1, 1]
[1, 0, 1, 0, 0, 0, 1, 0, 0]
[1, 0, 1, 0, 0, 0, 1, 0, 1]
[1, 0, 1, 0, 0, 0, 1, 1, 0]
[1, 0, 1, 0, 0, 0, 1, 1, 1]
[1, 0, 1, 0, 0, 1, 0, 0, 0]
[1, 0, 1, 0, 0, 1, 0, 0, 1]
[1, 0, 1, 0, 0, 1, 0, 1, 0]
[1, 0, 1, 0, 0, 1, 0, 1, 1]
[1, 0, 1, 0, 0, 1, 1, 0, 0]
[1, 0, 1, 0, 0, 1, 1, 0, 1]
[1, 0, 1, 0, 0, 1, 1, 1, 0]
[1, 0, 1, 0, 0, 1, 1, 1, 1]
[1, 0, 1, 0, 1, 0, 0, 0, 0]
[1, 0, 1, 0, 1, 0, 0, 0, 1]
[1, 0, 1, 0, 1, 0, 0, 1, 0]
[1, 0, 1, 0, 1, 0, 0, 1, 1]
[1, 0, 1, 0, 1, 0, 1, 0, 0]
[1, 0, 1, 0, 1, 0, 1, 0, 1]
[1, 0, 1, 0, 1, 0, 1, 1, 0]
[1, 0, 1, 0, 1, 0, 1, 1, 1]
[1, 0, 1, 0, 1, 1, 0, 0, 0]
[1, 0, 1, 0, 1, 1, 0, 0, 1]
[1, 0, 1, 0, 1, 1, 0, 1, 0]
[1, 0, 1, 0, 1, 1, 0, 1, 1]
[1, 0, 1, 0, 1, 1, 1, 0, 0]
[1, 0, 1, 0, 1, 1, 1, 0, 1]
[1, 0, 1, 0, 1, 1, 1, 1, 0]
[1, 0, 1, 0, 1, 1, 1, 1, 1]
[1, 0, 1, 1, 0, 0, 0, 0, 0]
[1, 0, 1, 1, 0, 0, 0, 0, 1]
[1, 0, 1, 1, 0, 0, 0, 1, 0]
[1, 0, 1, 1, 0, 0, 0, 1, 1]
[1, 0, 1, 1, 0, 0, 1, 0, 0]
[1, 0, 1, 1, 0, 0, 1, 0, 1]
[1, 0, 1, 1, 0, 0, 1, 1, 0]
[1, 0, 1, 1, 0, 0, 1, 1, 1]
[1, 0, 1, 1, 0, 1, 0, 0, 0]
[1, 0, 1, 1, 0, 1, 0, 0, 1]
[1, 0, 1, 1, 0, 1, 0, 1, 0]
[1, 0, 1, 1, 0, 1, 0, 1, 1]
[1, 0, 1, 1, 0, 1, 1, 0, 0]
[1, 0, 1, 1, 0, 1, 1, 0, 1]
[1, 0, 1, 1, 0, 1, 1, 1, 0]
[1, 0, 1, 1, 0, 1, 1, 1, 1]
[1, 0, 1, 1, 1, 0, 0, 0, 0]
[1, 0, 1, 1, 1, 0, 0, 0, 1]
[1, 0, 1, 1, 1, 0, 0, 1, 0]
[1, 0, 1, 1, 1, 0, 0, 1, 1]
[1, 0, 1, 1, 1, 0, 1, 0, 0]
[1, 0, 1, 1, 1, 0, 1, 0, 1]
[1, 0, 1, 1, 1, 0, 1, 1, 0]
[1, 0, 1, 1, 1, 0, 1, 1, 1]
[1, 0, 1, 1, 1, 1, 0, 0, 0]
[1, 0, 1, 1, 1, 1, 0, 0, 1]
[1, 0, 1, 1, 1, 1, 0, 1, 0]
[1, 0, 1, 1, 1, 1, 0, 1, 1]
[1, 0, 1, 1, 1, 1, 1, 0, 0]
[1, 0, 1, 1, 1, 1, 1, 0, 1]
[1, 0, 1, 1, 1, 1, 1, 1, 0]
[1, 0, 1, 1, 1, 1, 1, 1, 1]
[1, 1, 0, 0, 0, 0, 0, 0, 0]
[1, 1, 0, 0, 0, 0, 0, 0, 1]
[1, 1, 0, 0, 0, 0, 0, 1, 0]
[1, 1, 0, 0, 0, 0, 0, 1, 1]
[1, 1, 0, 0, 0, 0, 1, 0, 0]
[1, 1, 0, 0, 0, 0, 1, 0, 1]
[1, 1, 0, 0, 0, 0, 1, 1, 0]
[1, 1, 0, 0, 0, 0, 1, 1, 1]
[1, 1, 0, 0, 0, 1, 0, 0, 0]
[1, 1, 0, 0, 0, 1, 0, 0, 1]
[1, 1, 0, 0, 0, 1, 0, 1, 0]
[1, 1, 0, 0, 0, 1, 0, 1, 1]
[1, 1, 0, 0, 0, 1, 1, 0, 0]
[1, 1, 0, 0, 0, 1, 1, 0, 1]
[1, 1, 0, 0, 0, 1, 1, 1, 0]
[1, 1, 0, 0, 0, 1, 1, 1, 1]
[1, 1, 0, 0, 1, 0, 0, 0, 0]
[1, 1, 0, 0, 1, 0, 0, 0, 1]
[1, 1, 0, 0, 1, 0, 0, 1, 0]
[1, 1, 0, 0, 1, 0, 0, 1, 1]
[1, 1, 0, 0, 1, 0, 1, 0, 0]
[1, 1, 0, 0, 1, 0, 1, 0, 1]
[1, 1, 0, 0, 1, 0, 1, 1, 0]
[1, 1, 0, 0, 1, 0, 1, 1, 1]
[1, 1, 0, 0, 1, 1, 0, 0, 0]
[1, 1, 0, 0, 1, 1, 0, 0, 1]
[1, 1, 0, 0, 1, 1, 0, 1, 0]
[1, 1, 0, 0, 1, 1, 0, 1, 1]
[1, 1, 0, 0, 1, 1, 1, 0, 0]
[1, 1, 0, 0, 1, 1, 1, 0, 1]
[1, 1, 0, 0, 1, 1, 1, 1, 0]
[1, 1, 0, 0, 1, 1, 1, 1, 1]
[1, 1, 0, 1, 0, 0, 0, 0, 0]
[1, 1, 0, 1, 0, 0, 0, 0, 1]
[1, 1, 0, 1, 0, 0, 0, 1, 0]
[1, 1, 0, 1, 0, 0, 0, 1, 1]
[1, 1, 0, 1, 0, 0, 1, 0, 0]
[1, 1, 0, 1, 0, 0, 1, 0, 1]
[1, 1, 0, 1, 0, 0, 1, 1, 0]
[1, 1, 0, 1, 0, 0, 1, 1, 1]
[1, 1, 0, 1, 0, 1, 0, 0, 0]
[1, 1, 0, 1, 0, 1, 0, 0, 1]
[1, 1, 0, 1, 0, 1, 0, 1, 0]
[1, 1, 0, 1, 0, 1, 0, 1, 1]
[1, 1, 0, 1, 0, 1, 1, 0, 0]
[1, 1, 0, 1, 0, 1, 1, 0, 1]
[1, 1, 0, 1, 0, 1, 1, 1, 0]
[1, 1, 0, 1, 0, 1, 1, 1, 1]
[1, 1, 0, 1, 1, 0, 0, 0, 0]
[1, 1, 0, 1, 1, 0, 0, 0, 1]
[1, 1, 0, 1, 1, 0, 0, 1, 0]
[1, 1, 0, 1, 1, 0, 0, 1, 1]
[1, 1, 0, 1, 1, 0, 1, 0, 0]
[1, 1, 0, 1, 1, 0, 1, 0, 1]
[1, 1, 0, 1, 1, 0, 1, 1, 0]
[1, 1, 0, 1, 1, 0, 1, 1, 1]
[1, 1, 0, 1, 1, 1, 0, 0, 0]
[1, 1, 0, 1, 1, 1, 0, 0, 1]
[1, 1, 0, 1, 1, 1, 0, 1, 0]
[1, 1, 0, 1, 1, 1, 0, 1, 1]
[1, 1, 0, 1, 1, 1, 1, 0, 0]
[1, 1, 0, 1, 1, 1, 1, 0, 1]
[1, 1, 0, 1, 1, 1, 1, 1, 0]
[1, 1, 0, 1, 1, 1, 1, 1, 1]
[1, 1, 1, 0, 0, 0, 0, 0, 0]
[1, 1, 1, 0, 0, 0, 0, 0, 1]
[1, 1, 1, 0, 0, 0, 0, 1, 0]
[1, 1, 1, 0, 0, 0, 0, 1, 1]
[1, 1, 1, 0, 0, 0, 1, 0, 0]
[1, 1, 1, 0, 0, 0, 1, 0, 1]
[1, 1, 1, 0, 0, 0, 1, 1, 0]
[1, 1, 1, 0, 0, 0, 1, 1, 1]
[1, 1, 1, 0, 0, 1, 0, 0, 0]
[1, 1, 1, 0, 0, 1, 0, 0, 1]
[1, 1, 1, 0, 0, 1, 0, 1, 0]
[1, 1, 1, 0, 0, 1, 0, 1, 1]
[1, 1, 1, 0, 0, 1, 1, 0, 0]
[1, 1, 1, 0, 0, 1, 1, 0, 1]
[1, 1, 1, 0, 0, 1, 1, 1, 0]
[1, 1, 1, 0, 0, 1, 1, 1, 1]
[1, 1, 1, 0, 1, 0, 0, 0, 0]
[1, 1, 1, 0, 1, 0, 0, 0, 1]
[1, 1, 1, 0, 1, 0, 0, 1, 0]
[1, 1, 1, 0, 1, 0, 0, 1, 1]
[1, 1, 1, 0, 1, 0, 1, 0, 0]
[1, 1, 1, 0, 1, 0, 1, 0, 1]
[1, 1, 1, 0, 1, 0, 1, 1, 0]
[1, 1, 1, 0, 1, 0, 1, 1, 1]
[1, 1, 1, 0, 1, 1, 0, 0, 0]
[1, 1, 1, 0, 1, 1, 0, 0, 1]
[1, 1, 1, 0, 1, 1, 0, 1, 0]
[1, 1, 1, 0, 1, 1, 0, 1, 1]
[1, 1, 1, 0, 1, 1, 1, 0, 0]
[1, 1, 1, 0, 1, 1, 1, 0, 1]
[1, 1, 1, 0, 1, 1, 1, 1, 0]
[1, 1, 1, 0, 1, 1, 1, 1, 1]
[1, 1, 1, 1, 0, 0, 0, 0, 0]
[1, 1, 1, 1, 0, 0, 0, 0, 1]
[1, 1, 1, 1, 0, 0, 0, 1, 0]
[1, 1, 1, 1, 0, 0, 0, 1, 1]
[1, 1, 1, 1, 0, 0, 1, 0, 0]
[1, 1, 1, 1, 0, 0, 1, 0, 1]
[1, 1, 1, 1, 0, 0, 1, 1, 0]
[1, 1, 1, 1, 0, 0, 1, 1, 1]
[1, 1, 1, 1, 0, 1, 0, 0, 0]
[1, 1, 1, 1, 0, 1, 0, 0, 1]
[1, 1, 1, 1, 0, 1, 0, 1, 0]
[1, 1, 1, 1, 0, 1, 0, 1, 1]
[1, 1, 1, 1, 0, 1, 1, 0, 0]
[1, 1, 1, 1, 0, 1, 1, 0, 1]
[1, 1, 1, 1, 0, 1, 1, 1, 0]
[1, 1, 1, 1, 0, 1, 1, 1, 1]
[1, 1, 1, 1, 1, 0, 0, 0, 0]
[1, 1, 1, 1, 1, 0, 0, 0, 1]
[1, 1, 1, 1, 1, 0, 0, 1, 0]
[1, 1, 1, 1, 1, 0, 0, 1, 1]
[1, 1, 1, 1, 1, 0, 1, 0, 0]
[1, 1, 1, 1, 1, 0, 1, 0, 1]
[1, 1, 1, 1, 1, 0, 1, 1, 0]
[1, 1, 1, 1, 1, 0, 1, 1, 1]
[1, 1, 1, 1, 1, 1, 0, 0, 0]
[1, 1, 1, 1, 1, 1, 0, 0, 1]
[1, 1, 1, 1, 1, 1, 0, 1, 0]
[1, 1, 1, 1, 1, 1, 0, 1, 1]
[1, 1, 1, 1, 1, 1, 1, 0, 0]
[1, 1, 1, 1, 1, 1, 1, 0, 1]
[1, 1, 1, 1, 1, 1, 1, 1, 0]
[1, 1, 1, 1, 1, 1, 1, 1, 1]

Compilation finished at Wed Jan 10 21:30:24
